586.0 1077.0
621.0 1076.0
663.0 1076.0
713.0 1076.0
768.0 1077.0
829.0 1077.0
895.0 1078.0
964.0 1078.0
1036.0 1078.0
1110.0 1079.0
1186.0 1079.0
1262.0 1079.0
1338.0 1079.0
1413.0 1079.0
1487.0 1078.0
1558.0 1077.0
1626.0 1076.0
1689.0 1074.0
1749.0 1071.0
1802.0 1069.0
1849.0 1065.0
1890.0 1062.0
1924.0 1057.0
1954.0 1053.0
1980.0 1048.0
2002.0 1043.0
2022.0 1038.0
2038.0 1032.0
2051.0 1026.0
2062.0 1020.0
2071.0 1013.0
2078.0 1006.0
2084.0 999.0
2088.0 991.0
2091.0 983.0
2093.0 974.0
2095.0 965.0
2096.0 956.0
2098.0 946.0
2100.0 935.0
2103.0 924.0
2107.0 912.0
2112.0 900.0
2117.0 886.0
2122.0 871.0
2127.0 856.0
2131.0 839.0
2135.0 821.0
2138.0 803.0
2141.0 784.0
2143.0 764.0
2145.0 744.0
2146.0 724.0
2147.0 704.0
2148.0 684.0
2148.0 664.0
2147.0 644.0
2146.0 625.0
2144.0 607.0
2142.0 589.0
2139.0 572.0
2136.0 557.0
2132.0 542.0
2128.0 529.0
2122.0 516.0
2116.0 504.0
2109.0 493.0
2101.0 482.0
2092.0 472.0
2083.0 462.0
2073.0 452.0
2062.0 443.0
2052.0 435.0
2040.0 427.0
2029.0 420.0
2017.0 412.0
2005.0 406.0
1993.0 400.0
1980.0 394.0
1968.0 388.0
1956.0 383.0
1945.0 378.0
1933.0 374.0
1922.0 370.0
1912.0 367.0
1901.0 363.0
1891.0 360.0
1880.0 357.0
1870.0 355.0
1859.0 352.0
1849.0 350.0
1838.0 349.0
1828.0 348.0
1817.0 347.0
1807.0 347.0
1796.0 347.0
1785.0 348.0
1775.0 349.0
1764.0 351.0
1754.0 353.0
1743.0 357.0
1732.0 360.0
1721.0 365.0
1710.0 370.0
1699.0 377.0
1689.0 384.0
1677.0 392.0
1666.0 401.0
1654.0 412.0
1642.0 423.0
1630.0 436.0
1618.0 449.0
1605.0 464.0
1593.0 478.0
1581.0 494.0
1568.0 510.0
1556.0 526.0
1544.0 542.0
1532.0 558.0
1520.0 574.0
1509.0 590.0
1498.0 606.0
1488.0 621.0
1478.0 636.0
1468.0 650.0
1459.0 664.0
1451.0 677.0
1443.0 689.0
1436.0 701.0
1431.0 713.0
1426.0 725.0
1422.0 737.0
1418.0 749.0
1415.0 760.0
1412.0 772.0
1409.0 783.0
1406.0 794.0
1403.0 805.0
1401.0 815.0
1397.0 825.0
1394.0 835.0
1390.0 845.0
1385.0 854.0
1379.0 863.0
1373.0 871.0
1365.0 879.0
1356.0 886.0
1347.0 893.0
1335.0 899.0
1322.0 904.0
1308.0 910.0
1293.0 915.0
1277.0 919.0
1260.0 923.0
1243.0 927.0
1225.0 930.0
1206.0 933.0
1187.0 936.0
1168.0 938.0
1150.0 940.0
1131.0 941.0
1113.0 943.0
1095.0 944.0
1078.0 945.0
1061.0 946.0
1046.0 946.0
1032.0 946.0
1018.0 947.0
1007.0 947.0
996.0 946.0
986.0 946.0
978.0 946.0
970.0 945.0
963.0 944.0
957.0 943.0
952.0 942.0
947.0 940.0
942.0 938.0
937.0 936.0
933.0 934.0
929.0 931.0
925.0 928.0
921.0 924.0
916.0 920.0
911.0 916.0
906.0 911.0
901.0 906.0
895.0 900.0
888.0 894.0
881.0 888.0
872.0 880.0
863.0 872.0
854.0 863.0
844.0 853.0
834.0 842.0
824.0 831.0
813.0 819.0
802.0 807.0
791.0 795.0
780.0 783.0
769.0 770.0
758.0 757.0
747.0 745.0
737.0 732.0
726.0 720.0
716.0 708.0
707.0 696.0
697.0 685.0
689.0 675.0
681.0 665.0
674.0 656.0
667.0 647.0
661.0 638.0
656.0 630.0
651.0 622.0
646.0 614.0
642.0 607.0
639.0 599.0
635.0 592.0
632.0 585.0
629.0 578.0
626.0 572.0
623.0 566.0
620.0 560.0
617.0 554.0
614.0 548.0
610.0 543.0
606.0 538.0
602.0 533.0
598.0 529.0
592.0 524.0
587.0 521.0
580.0 517.0
573.0 513.0
566.0 510.0
558.0 507.0
550.0 504.0
541.0 501.0
532.0 498.0
523.0 496.0
514.0 494.0
505.0 492.0
496.0 491.0
486.0 490.0
477.0 489.0
469.0 488.0
460.0 488.0
452.0 488.0
444.0 489.0
436.0 489.0
429.0 491.0
422.0 492.0
417.0 495.0
411.0 497.0
406.0 500.0
401.0 503.0
396.0 507.0
391.0 511.0
387.0 516.0
383.0 521.0
379.0 526.0
376.0 532.0
372.0 538.0
369.0 544.0
366.0 550.0
363.0 557.0
361.0 564.0
359.0 571.0
357.0 578.0
355.0 586.0
354.0 593.0
352.0 601.0
351.0 609.0
351.0 617.0
350.0 625.0
349.0 633.0
349.0 642.0
349.0 650.0
349.0 660.0
349.0 669.0
349.0 679.0
350.0 688.0
351.0 698.0
352.0 708.0
353.0 719.0
355.0 729.0
357.0 740.0
359.0 750.0
362.0 761.0
365.0 772.0
369.0 783.0
373.0 794.0
377.0 805.0
382.0 816.0
388.0 827.0
394.0 838.0
401.0 850.0
409.0 862.0
418.0 875.0
428.0 889.0
438.0 902.0
449.0 916.0
460.0 930.0
471.0 944.0
483.0 958.0
495.0 971.0
506.0 985.0
517.0 998.0
528.0 1010.0
539.0 1022.0
549.0 1033.0
558.0 1044.0
566.0 1054.0
574.0 1062.0
580.0 1070.0
586.0 1077.0
