720.0 847.0
770.0 849.0
839.0 853.0
921.0 859.0
1013.0 866.0
1112.0 872.0
1212.0 878.0
1311.0 882.0
1404.0 883.0
1488.0 881.0
1558.0 875.0
1611.0 864.0
1648.0 847.0
1675.0 825.0
1693.0 799.0
1704.0 770.0
1708.0 738.0
1706.0 704.0
1701.0 670.0
1692.0 635.0
1681.0 602.0
1669.0 570.0
1658.0 541.0
1648.0 512.0
1639.0 481.0
1630.0 450.0
1619.0 419.0
1604.0 388.0
1585.0 358.0
1560.0 330.0
1528.0 305.0
1486.0 283.0
1434.0 264.0
1370.0 251.0
1286.0 241.0
1182.0 234.0
1060.0 231.0
927.0 230.0
788.0 233.0
648.0 237.0
511.0 244.0
383.0 254.0
270.0 265.0
175.0 278.0
105.0 294.0
58.0 312.0
30.0 335.0
17.0 361.0
17.0 391.0
27.0 422.0
43.0 454.0
63.0 487.0
84.0 519.0
103.0 549.0
117.0 577.0
123.0 603.0
121.0 625.0
115.0 648.0
107.0 670.0
98.0 691.0
89.0 711.0
82.0 730.0
78.0 747.0
78.0 764.0
85.0 779.0
98.0 793.0
121.0 805.0
155.0 814.0
201.0 822.0
257.0 829.0
319.0 833.0
386.0 837.0
454.0 839.0
520.0 841.0
583.0 842.0
639.0 844.0
685.0 845.0
720.0 847.0
