333 28 333 214
444 28 448 211
550 25 561 217
651 29 653 220
753 26 761 215
848 25 864 225
968 27 970 219
1078 19 1072 208
1170 207 1164 31
1327 218 1292 32
1417 229 1412 32
1512 224 1559 29
1604 251 1806 75
1587 295 1888 348
1567 362 1616 588
1517 349 1407 545
1313 513 1443 303
1225 445 1310 256
1189 408 1136 206
1176 412 913 384
1234 468 1055 637
1344 543 1235 754
1445 590 1339 784
1393 804 1569 636
1459 816 1683 669
1474 823 1765 926
1414 831 1400 1041
1343 814 1317 1027
1278 811 1230 1018
1142 1019 1140 816
986 1016 960 814
843 1016 834 821
729 1006 707 814
639 1018 636 821
530 1012 515 822
427 1016 421 815
288 1021 284 817
236 823 80 966
228 805 43 686
311 806 191 610
377 804 349 623
457 612 473 817
588 812 560 604
619 584 832 730
622 525 907 501
620 476 758 278
527 470 513 264
385 476 385 264
279 465 289 247
110 442 237 247
9 274 237 220
75 69 277 212
