413 843
251 843
215 840
205 830
203 817
205 805
211 797
224 790
252 786
616 787
693 770
725 758
763 735
828 676
865 588
868 550
865 500
859 462
841 420
802 368
757 335
709 310
648 291
546 288
264 287
237 281
217 268
201 251
205 215
214 209
233 197
266 187
1564 185
1602 192
1633 204
1652 220
1666 252
1666 300
1665 332
1657 376
1647 394
1631 401
1608 409
1574 408
1530 404
1486 392
1371 309
1293 268
1249 253
1171 240
1128 239
1068 252
1027 274
990 303
965 337
954 381
956 405
963 435
981 468
1007 507
1068 566
1177 659
1259 717
1318 751
1371 772
1431 790
1476 803
1509 811
1517 816
1517 821
1515 830
1494 838
1453 846
1381 846
