213 988
151 976
119 960
99 947
62 928
50 915
33 892
21 868
12 831
12 831
9 813
11 795
16 776
25 749
35 729
50 713
71 692
93 677
115 667
145 656
173 647
204 641
281 640
590 640
620 634
644 624
661 609
679 580
685 539
681 512
676 485
661 460
637 446
620 438
580 433
552 432
241 432
208 429
183 423
163 413
147 404
128 395
98 378
77 360
47 332
40 319
25 292
21 270
18 232
23 199
32 169
53 138
82 109
119 86
150 71
178 59
209 48
232 46
303 44
1601 44
1645 50
1682 59
1721 74
1753 94
1781 109
1802 136
1818 155
1831 182
1844 214
1851 251
1852 297
1848 361
1836 404
1805 464
1751 513
1700 536
1622 555
1556 553
1477 545
1411 524
1358 496
1315 468
1280 440
1239 411
1212 399
1181 389
1168 387
1157 389
1153 399
1156 408
1164 428
1195 462
1292 544
1371 599
1455 644
1510 658
1610 681
1683 713
1706 738
1731 773
1736 811
1733 828
1716 876
1682 915
1616 956
1544 978
1471 987
236 987
216 988